0 9568256
3 946864127
11 1090519040
20 1224736768
23 7405568
26 252
27 -1
29 278016
37 -136368137
38 -553648131
39 -144703492
40 -805863462
41 -941622337
42 -67907605
43 1423639034
44 285216707
45 1717145303
46 1944583169
47 1085916938
48 1107969800
49 1480659583
50 -2147350397
51 -1935655424
52 553942532
53 16779748
54 6144
55 -2079846912
56 69271560
57 33792
58 25690112
59 -2111348648
60 1073752259
61 1404108799
62 -239075329
63 65535
64 1
65 102770696
66 51253248
67 176160766
68 -3840
69 238804999
70 -14848
71 -8193
76 1073741823
77 2147483647
78 2147483647
79 2147483647
80 1073741823
81 1073741823
85 -1
94 33619999
97 -1
108 -2147483648
110 1476395008
111 14
115 14432
120 -1
123 805826968
124 1761924276
125 267090
126 536870912
128 1660952576
135 -1
145 -1
146 -1
147 -1
148 -1
149 -1
161 0
180 1
185 31
186 -1
187 -1
188 -1
189 80
190 266
248 33554464
249 -1
250 -1
260 -1
261 -1
262 -1
289 16777216
295 8
299 -1
300 -1
304 -1
305 -1
413 1075838976
424 -21954882
425 -166461790
429 -1
438 127
446 1882725378
447 1073741824
448 526336
449 268959767
452 0
453 0
454 0
455 0
456 0
458 -1073414144
460 0
461 4296448
462 1
463 1
476 -1
481 469762082
616 -1
623 -1
627 1073743187
659 648826200
664 23
674 21
679 1000
682 25165840
686 -1
687 -1
698 -1
699 -1
700 -1
723 128
740 786576
741 786544
744 786512
745 786528
746 789072
747 786480
748 786496
751 786608
752 786576
753 786544
754 786512
755 786480
756 786528
757 789088
763 786614
764 786592
766 524544
767 786534
768 786496
769 786518
770 786486
771 789088
772 6
774 789072
775 131168
776 131264
781 131200
782 131232
786 131248
793 131200
794 131120
795 393312
797 393328
798 393360
811 -1
812 -1
813 -1
814 -1
815 -1
816 -1
817 -1
818 -1
819 -1
820 -1
821 -1
822 -1
823 -1
824 -1
825 -1
826 -1
827 -1
828 -1
829 -1
830 -1
831 -1
832 -1
833 -1
834 -1
835 -1
836 -1
837 -1
838 -1
839 -1
840 -1
841 -1
842 -1
843 -1
844 -1
845 -1
846 -1
847 -1
848 -1
849 -1
850 -1
851 -1
852 -1
853 -1
854 -1
855 -1
856 -1
857 -1
858 -1
859 -1
860 -1
861 -1
862 -1
863 -1
864 -1
865 -1
866 -1
867 -1
868 -1
869 -1
870 -1
871 -1
872 -1
873 -1
874 -1
875 -1
876 -1
877 -1
878 -1
879 -1
880 -1
881 -1
882 -1
883 -1
884 -1
885 -1
886 -1
887 -1
888 -1
889 -1
890 -1
891 -1
892 -1
893 -1
894 -1
1069 16100
1070 16125
1071 411809
1072 4486
1074 -2147483648
1075 1073709056
1091 39845926
1092 39936
1094 1073741823
1095 255
1096 -2080374139
1098 735
1099 620792686
1100 34618335
1101 -1
1102 -1240465409
1103 141295551
1104 -1
1106 -1
1107 32296
1115 33554432
1117 33554432
1142 115
1167 102
1168 -1
1169 -1
1170 -1
1172 43789
1173 536870912
1175 -1
1191 721421315
1238 -1
1241 1196177712
1242 -267501554
1243 1092592178
1247 2048
1258 280672
1259 335618
1261 4227072
1262 -273288325
1263 433113226
1264 -14665472
1265 -805470159
1266 2032
1267 302516224
1268 2093624736
1272 114
1273 234881050
1295 1000
1297 101
1302 -1
1305 335545880
1357 -1157005311
1384 -1
1397 8
1398 1000
1399 1000
1400 1000
1408 6291456
1409 4268611
1421 525568
1442 -1
1444 100672009
1445 8739
1449 301998133
1451 2097152
1452 7468849
1453 2029754368
1457 29875388
1480 1342177280
1481 2031616
1499 -1
1500 -1
1501 -1
1502 -1
1503 -1
1504 -1
1506 -1
1507 -1
1508 -1
1509 -1
1510 -1
1512 -2042885887
1513 1702463
1523 -268435456
1543 2424835
1569 262144
1581 14
1602 -1
1604 -1
1608 -1
1609 -1
1611 548274176
1618 4096
1656 1093702085
1657 577872910
1658 1982945505
1659 34382339
1660 1000
1661 -1
1697 -1
1701 -1
1720 -1
1728 80
1731 1580515751
1732 97
1748 225
1749 7079
1750 -16912800
1751 12766501
1752 12648511
1753 225
1754 16
1760 -1
1761 -1
1762 -1
1763 -1
1764 -1
1765 -1
1766 -1
1767 -1
1772 1082884607
1773 524360
1774 67121160
1776 333056
1779 67108864
1780 458752000
1784 -1
1785 51914
1787 60
1789 1
1793 -1
1831 -1
1832 40
1858 12
1891 4194304
2006 1073741824
2088 -1
2091 48234496
2092 1179845
2095 -715500118
2096 50581677
2107 16777216
2141 536870912
2145 -2012200082
2154 14336
2170 1089999
2171 61
2172 131072
2175 6
2176 64
2183 3
2184 128
2193 794651872
2194 928
2195 187122292
2196 8
2201 11
2202 2097767
2205 9
2209 1010
2214 268435456
2231 -1242038649
2232 -271575446
2233 47791
2262 1
2264 2101346304
2268 10
2269 259915844
2279 -1
2280 -1
2281 -1
2282 -1
2283 -1
2284 -1
2324 5
2325 71
2331 5
2332 16
2334 -1610612228
2337 1074190785
2338 16777216
2339 80
2347 20
2348 56
2352 49558
2355 110
2357 26
2358 89391356
2359 48
2370 80
2391 262144
2449 -237305367
2474 25479976
2478 102978
2482 1048576
2483 8
2492 2
2493 48
2497 536870912
2498 536870912
2504 32768
2533 -1
2547 7
2551 6
2570 536870912
2595 15
2596 40867
2598 402653184
2604 -1
2605 -1
2606 -1
2607 -1
2608 -1
2609 -1
2610 -1
2611 -1
2618 15
2644 -1
2645 -1
2646 -1
2647 -1
2648 -1
2649 -1
2650 -1
2651 -1
2652 -1
2653 -1
2654 -1
2655 -1
2656 -1
2662 -1
2663 11
2664 7
2676 21791877
2680 25165914
2702 3
2715 -2017034368
2724 29544046
2732 11
2733 2041
2738 7
2739 4
2774 3145728
2776 -1
2783 5
2807 -1
2843 3
2852 -2080374784
2858 369098752
2860 4194304
2862 -2147483648
2863 184614912
2872 452984832
2879 786432
2884 8388608
2885 24576
2886 -2147483648
2894 16777216
2914 -2147483648
2937 268435456
2943 1073741824
2947 -1
2956 -1
2957 -1
2958 -1
2974 70778880
2975 -1
2976 -1895882752
2985 -1
2999 -1
3000 2056899890
3001 2684520
3002 262144
3013 -1
3014 -1
3015 -1
3016 -1
3017 -2147483620
3018 134217728
3022 167776256
3038 256
3043 2265354
3044 7801
3045 -1
3067 27197440
3068 40968
3075 1295456
3076 549120
3077 1553
3078 36
3079 8771
3083 99358
3084 8454148
3085 10240
3087 536879328
3088 1
3089 504
3092 131328
3093 2113952
3094 1122306
3095 18432
3096 4100
3098 4194304
3099 655360
3100 -2147483648
3101 2
3103 36881
3104 16642
3105 10
3108 1031
3109 7
3117 1
3118 15
3119 192
3120 278
3121 138240
3145 9
3148 1074585600
3149 4
3153 3
3154 3
3156 19
3158 65546
3159 3
3166 32
3170 -1
3178 -301989888
3180 10485760
3184 2049
3185 4
3186 -1
3214 6459
3215 4266
3217 307
3220 4
3226 -1
3237 388932738
3239 8771
3240 -1610612596
3241 -1107296176
3242 -838860663
3246 507985
3249 1025
3252 -1
3253 -1
3254 -1
3255 -1
3256 -1
3257 -1
3258 -1
3259 1536
3260 33554688
3265 2
3270 14680613
3274 6029312
3276 511305630
3277 4
3285 25
3294 406287274
3296 -2147483136
3327 4430324
3354 -1
3365 41943057
3366 17
3369 33554465
3371 1072037856
3372 91
3378 7
3379 31
3380 458755
3381 34636290
3383 69272065
3400 622610
3401 1072693658
3402 3014603
3403 8207
3404 4095
3422 722699
3423 461835
3424 8
3425 1803
3426 3083
3427 172494115
3428 361047298
3429 438443523
3430 1363158784
3431 1633880339
3432 111547651
3437 512
3438 2097152
3439 257
3440 256
3441 10428
3442 2888
3443 1
3448 2097152
3450 67109156
3452 13201
3453 4817888
3454 -1073741824
3456 266338304
3457 267452440
3459 8388608
3472 55305
3473 -1
3479 24000
3480 4
3500 67108864
3501 810188450
3502 10256
3506 -1
3514 67109008
3515 537395200
3516 104857600
3518 1017
3524 8580
3527 741179386
3529 3
3534 136610810
3535 121208
3538 -1
3550 -1
3551 -249
3573 -1
3574 -1
3575 31
3580 30
3608 3078
3610 60817408
3616 1073740800
3617 5734400
3620 124
3621 9375232
3680 151553
3683 66
3691 268698083
3695 -1
3696 -1
3697 -1
3698 -1
3699 -1
3704 262144
3705 17825792
3706 1049600
3708 203835399
3709 51380513
3814 11
3829 3
3831 1919
3832 8192
3841 313
3843 1610678272
3857 -1
3858 -1
3859 25331104
3864 -1
3865 -1
3866 -1
3867 -1
3883 524288
3885 16777216
3889 1048576
3890 -1
3899 134217728
3906 -1
3919 524288
3924 256
3925 16385
3930 67192
3936 7
3951 1835008
3986 -1
4013 100000
4030 17
4032 17
4034 -2054422035
4036 1
4037 -1065091072
4050 1
4051 1
4052 1
4053 67244032
4065 28904
4066 1
4067 28904
4068 1
4069 30550
4070 1
4071 50684
4072 1
4073 28905
4074 1
4075 27234
4076 1
4077 28905
4078 1
4079 28904
4080 1
4081 30550
4082 1
4083 50442
4084 2
4085 28906
4086 1
4087 30550
4088 1
4089 29896
4090 1
4091 28906
4092 1
4093 30372
4094 150
4095 -1
4097 -1
4099 -1
4101 -1
4103 -1
4105 -1
4107 -1
4109 -1
4111 -1
4113 -1
4115 -1
4117 -1
4119 -1
4121 -1
4123 -1
4125 -1
4127 -1
4129 -1
4131 -1
4133 -1
4135 -1
4137 -1
4141 54
4142 54
4148 16
4160 -1
4165 3145728
4168 9568402
4175 268435456
4262 -2147483648
4263 16786187
4265 536870912
4319 -1
4320 -1
4321 -1
4322 -1
4323 -1
4324 -1
4325 -1
4326 -1
4327 -1
4328 -1
4329 -1
4330 -1
4333 1
4335 -1
4339 220397568
4340 10724623
4362 7340032
4369 515935
4370 2147483647
4371 65367
4389 663338
4391 138739712
4408 -1
4409 -1
4415 786496
4416 786608
4420 789168
4421 131280
4422 131296
4423 393392
4424 1310730
4427 -1
4428 -1
4429 -1
4430 -1
4431 -1
4432 -1
4433 -1
4434 -1
4435 -1
4436 -1
4437 -1
4438 57577
4439 -1
4440 -1
4445 8
4457 2
4468 32832
4479 135
4480 512
4490 16777216
4497 8372235
4516 -2113929216
4519 2794024
4521 18743298
4522 157679616
4523 196608
4524 123
4528 70779456
4530 786432
4531 262144
4534 5
4535 65537
4536 1966080
4537 20
4538 327974
4539 1
4540 2
4541 72
4542 968
4543 327683
4544 327680
4545 65536
4549 491
4551 201
4552 102491
4553 16
4554 426277
4558 57216418
4562 -1
4567 1048592
4686 536870912
4691 3584
4734 -1
4735 -1
4737 3162752
4739 4227329
4756 65446
4759 1835197
4760 10420288
4761 2621469
4762 8978487
4763 198656
4766 4194528
4781 4194304
4786 966241180
4789 -1
4792 44575
4818 73
4824 -1
4829 17440
4832 24
4846 33792
4850 -1
4854 1610612786
4859 -1
4860 -1
4871 -1
4874 2080374849
4875 2
4878 30000
4879 100000
4895 805306368
4896 335544320
4897 570425344
4898 738197504
4900 67108864
4911 2049
4912 1048576
4915 -1879048189
4917 33558
4919 -1
4983 67108882
5005 -1
5006 -1
5019 1808014336
5020 3441
5027 8257536
5030 -1
5050 33580032
5051 12297
5053 52433408
5054 62499072
5060 -1
5062 -1
5071 10899456
5073 544
5074 1081377
5075 25165841
5076 17
5085 536870917
5087 -1
5090 16
5091 1369266560
5107 6571
5108 -1
5126 1048575
5133 4456448
5140 1
5141 131072
5144 -1
5148 -1
5169 294912
5186 67108864
5196 -1
5197 -1
5200 -1
5212 -359124396
5213 70124574
5214 52167742
5215 54264620
5216 56361804
5217 36307482
5218 333481240
5219 316937442
5220 216405504
5221 32440831
5222 30343647
5223 37355967
5224 39453258
5225 265949416
5226 3760
5237 532676351
5239 268433408
5240 2903241
5253 40849399
5254 4100
5263 416
5264 50331654
5265 1310730
5267 1310730
5268 1310730
5269 1310730
5270 1310730
5271 1310730
5272 1310730
5280 655488
5281 655456
5282 655472
5283 655440
5284 393440
5285 524448
5287 655392
5289 655376
5291 655520
5293 1310730
5294 1310730
5295 1310730
5296 1310730
5321 2228464
5322 2228432
5323 2228368
5324 2228448
5325 2228304
5326 2228288
5327 2228256
5328 393328
5329 2228336
5332 2228416
5333 2228272
5334 524544
5335 29281
5336 -1
5337 44795
5338 1629
5339 453
5340 453
5341 453
5342 21778
5343 -1
5344 -1
5345 -1
5346 -1
5347 -1
5348 -1
5349 -1
5350 -1
5351 -1
5352 -1
5353 -1
5354 -1
5355 -1
5356 -1
5357 -1
5358 -1
5359 -1
5360 -1
5361 -1
5362 -1
5363 56173
5364 56173
5365 56173
5366 56173
5367 -1
5368 -1
5369 -1
5370 -1
5371 -1
5372 -1
5373 -1
5374 -1
5375 -1
5376 -1
5377 -1
5378 -1
5379 -1
5380 -1
5381 -1
5382 -1
5383 -1
5384 -1
5385 -1
5386 -1
5387 -1
5388 -1
5389 -1
5390 -1
5391 -1
5392 -1
5393 -1
5394 -1
5395 -1
5396 -1
5397 -1
5398 -1
5399 -1
5400 -1
5401 -1
5402 -1
5403 -1
5404 -1
5413 18330651
5414 -1
5425 -1
5426 -1
5428 -1
5433 524288
5667 4214192
5673 1073741824
5676 -1
5682 7168
5684 -1
5685 871811436
5686 2
5699 95
5701 2048
5704 133038081
5712 -1
5713 -1
5714 -1
5715 -1
5716 -1
5732 262143
5734 1248256
5735 1441792
5737 1280
5758 337117184
5774 2228226
5777 130
5781 179200
5783 134217808
5784 38918
5787 -1
5790 157
5802 5
5804 -1
5810 -1
5826 -1
5827 -1
5830 1073741824
5833 260078592
5839 64
5854 -1
5860 369491968
5863 52695
5868 -805206143
5869 691200
5872 1073741823
5873 1073741823
5874 1073741823
5875 1073741823
5876 1073741823
5877 1073741823
5878 1073741823
5879 1073741823
5880 1073741823
5886 -1
5888 2097152
5892 536870912
5897 4194304
5898 262144
5899 -1744830464
5900 4096
5905 1084227584
5906 671088706
5908 294649855
5915 1441792
5936 -1
5938 3840
5943 301989887
5944 -222
5945 83886111
5962 520158531
5967 -402652608
5971 3080
5981 -2097361
5982 -3
5983 1611032447
5984 1499892660
5987 100532713
5992 -1
5993 -1
5997 1434952
5998 21237
5999 14864
6000 80745
6001 8308
6002 37353
6003 9372
6004 53803
6005 919
6006 3426
6007 3569
6008 13106
6009 6709
6010 23221
6011 18990
6012 9653
6013 34481
6014 8048
6015 13331
6016 73095
6017 15121
6018 8527
6019 55
6020 9079
6021 12835
6022 6023
6023 6367
6024 944
6025 5788
6026 5640
6027 5974
6028 4728
6029 5622
6030 6579
6031 6391
6032 5229
6033 5568
6034 5534
6035 8473
6036 10447
6037 6250
6038 5837
6039 5972
6040 28
6041 58
6042 17
6043 42
6044 42
6045 47
6046 36
6047 46
6048 20
6049 34
6050 40
6051 44
6052 40
6053 21
6054 4
6056 26
6057 38
6058 29
6059 51
6060 37
6061 12
6062 21
6063 47
6064 6001
6065 6723
6066 249
6079 -1
6080 -1
6081 -1
6082 -1
6083 -1
6084 -1
6085 -1
6086 -1
6087 -1
6114 -1073741824
6115 402653185
6140 131312
6152 -16912800
6153 -16912800
6154 12648511
6157 180224
6162 34021
6164 8192
6165 1048576
6168 -1
6198 786432
6199 -2122310461
6201 3559376
6202 4098000
6203 1232675
6204 -1206727197
6205 1874329759
6206 -2147450878
6207 1426070016
6212 50
6214 -1
6215 27
6216 29
6217 2
6218 22
6221 -262001
6222 2883592
6223 458882
6226 3
6231 -2147483648
6251 1095761919
6256 101
6257 80
6258 129
6259 139
6359 1207959552
6360 671109120
6361 -1
6370 -1
6379 536870912
6380 98
6381 1102053376
6384 46056260
6386 262180
6387 62
6388 131072
6389 256
6390 1025
6391 246723
6392 37753
6393 -1
6394 375
6399 -2080255675
6400 1
6405 897582017
6406 729342682
6407 1030035976
6409 420258052
6410 420583682
6411 420485888
6412 420486917
6413 420845956
6414 420898304
6415 421012228
6416 421046528
6417 355319
6447 992
6448 201567273
6452 939551490
6453 -425183
6454 319
6460 10
6461 1061417984
6463 -1604018173
6464 1024
6505 1073741824
6507 69632
6508 68
6509 290
6525 17207
6526 199716
6528 2
6529 2
6533 5843
6535 5676
6536 2560000
6537 65011712
6538 33554431
6564 128
6568 -1
6569 -2156540
6570 1114113
6582 26
6584 34925
6585 84
6586 2
6587 1
6590 258
6591 519689
6594 420632197
6595 419430527
6596 419430527
6597 419430527
6600 16384
6601 8783
6609 4
6613 -2147483648
6620 -1
6622 38548736
6625 1107390464
6628 -1
6632 178126848
6633 -2049
6648 63
6654 262144
6679 -1
6681 239600675
6682 -1610612735
6691 16384
6692 -1612709888
6693 917504
6697 512
6744 7465995
6745 -1
6748 -880726015
6749 1056516
6750 218169344
6751 370940194
6754 -2147229424
6755 -1303034619
6758 -1
6762 1073741824
6763 1580544
6766 -1
6767 -1
6777 524288
6784 24
6795 8388608
6796 -1
6797 200
6798 256
6804 1048575
6807 33
6808 1
6810 -1
6811 -1
6812 -1
6813 -1
6814 -1
6815 -1
6816 -1
6817 -1
6818 -1
6819 -1
6820 -1
6867 -1
6868 -1
6877 2162688
6880 1
6884 2
6891 -1
6894 1023
6899 83134954
6900 83069416
6901 181249
6910 1610676224
6911 64
6912 256
6920 -978452481
6926 12289
6941 394518
6942 273920
6943 -2145910400
6946 49158
6947 203933
6948 6
6949 273920
6985 578
6991 2130851944
6992 65535
6993 65450
6994 768
6998 3000000
6999 3000000
7000 3000000
7001 3000000
7002 3300008
7003 8135
7005 28961018
7007 19
7008 1075838976
7035 797133962
7038 2013266020
7040 3
7041 1466
7046 10485760
7050 65535
7052 1073741824
7054 1
7058 214433792
7078 31613
7079 1282
7080 28905
7081 18
7082 29923
7083 19
7084 29923
7085 19
7086 29896
7087 20
7088 28907
7089 20
7090 28907
7091 20
7092 40521
7093 21
7099 207820998
7100 586154582
7101 -1
7103 5607712
7105 -2147483644
7106 524288
7107 22020095
7120 13369347
7121 -1610612736
7122 7760
7134 -1
7136 1
7137 512
7144 4071424
7172 45136
7176 1
7190 197121
7193 460033
7194 257
7197 256
7198 67108864
7199 257
7201 65792
7202 16777217
7204 16777216
7205 33816835
7206 84148738
7213 16777218
7223 256
7235 65536
7236 65536
7237 1
7238 84279297
7239 67306758
7242 16777217
7246 -1
7249 -134332609
7251 207
7253 -1
7254 -1
7256 474808320
7257 83892224
7259 16777216
7260 7187
7263 2783
7266 9502920
7426 16777472
7428 258
7432 1
7436 65536
7437 257
7438 65793
7439 65536
7440 16777217
7441 65537
7442 65537
7443 16777472
7444 65538
7446 2
7447 65537
7449 33554432
7450 2
7451 65536
7452 65793
7453 65536
7476 256
7502 1
7504 131072
7506 2
7507 65537
7511 131073
7514 917518
7515 1835030
7516 3866699
7517 1246184
7518 786466
7519 2883594
7520 5701670
7521 22609943
7522 28508424
7523 16911872
7524 65794
7525 165
7529 1
7534 131080
7535 -1
7542 96
7544 1025
7612 4
7614 -2076957696
7623 23
7633 4104
7640 16384
7641 -2147483648
7646 536870912
7650 -1
7651 -1
7652 -1
7655 76
7656 71303168
7658 40960
7663 715967010
7664 658373550
7667 725518730
7671 761891520
7672 726040530
7674 723475660
7675 723870640
7676 741162930
7680 722010900
7683 722874590
7688 765134520
7710 404646
7715 7
7721 1
7722 8
7723 -1
7724 -1
7725 -1
7735 8
7746 100810389
7747 206636493
7748 561565386
7749 388247847
7750 24
7799 134217728
7809 -1
7810 -1
7811 2112
7818 100663296
7825 226
7836 536870912
7850 46137344
7863 -1
7865 2883584
7868 2
7869 1
7871 1073741824
7881 -1
7903 65007830
7906 -268558337
7909 -1
7910 604247356
7923 1073741822
7925 3078
7945 10
7946 7
7954 5272832
7955 134301728
7958 1028
7959 1
7960 -1
7965 1
7981 -1
7982 -1
7983 -1
7988 77284
7994 -1
7995 -1
7998 2048
7999 1024
8004 -1
8023 72000
8024 612511861
8029 -1
8030 -1
8031 -1
8034 1
8035 1
8036 65536
8040 6094848
8041 201326592
8042 -1
8053 19507
8067 -1
8068 -1
8069 -1
8070 -1
8071 -1
8072 -1
8073 905969664
8074 905969664
8075 905969664
8076 905969664
8077 905969664
8078 905969664
8079 905969664
8080 1048804615
8081 131080
8082 196614
8083 2013364224
8084 29541195
8085 8
8086 2490247
8088 -1356986656
8089 268435703
8090 6590363
8091 30423040
8096 83918682
8097 1
8098 1611661311
8099 -572522489
8101 -1872658046
8102 545292547
8103 562
8104 387
8105 387
8106 131
8107 3
8108 5
8109 5
8110 387
8112 -1
8113 -1
8114 -1
8115 -1
8116 -1
8117 -1
8118 -1
8119 -1
8120 -1
8121 -1
8155 19392
8157 -1
8158 17035664
8159 132
8162 15
8163 4
8169 416832
8172 26214426
8173 -1
8174 -1
8176 24620
8197 205696
8198 2
8199 1
8200 32768
8203 1073741824
8207 20
8208 1180169
8209 4481479
8210 9961920
8211 4160
8212 98305
8213 1818575
8214 -1336256575
8215 2099711
8216 -2011168766
8218 536874197
8220 1
8221 52432896
8222 548216872
8223 2086633600
8225 1391093440
8228 32768
8232 8248
8234 8232
8242 -1
8245 983140
8246 1073741824
8247 209747972
8248 131072
8249 134217728
8253 524288
8254 1792
8256 69632
8258 32768
8259 -1073741821
8260 1878392831
8261 1785392049
8262 70762
8263 1024153
8276 310379499
8282 -4
8286 524288
8287 18
8288 306783376
8289 306783378
8290 38347922
8291 143954433
8295 -1575813120
8296 1376286
8297 1828717903
8298 59538690
8299 9073920
8300 6296208
8301 22345041
8302 55
8303 116760
8304 6569984
8305 658426
8306 438950
8307 712
8309 1638400
8310 1638400
8311 1638400
8312 1638400
8314 1638400
8315 1638400
8316 1638400
8318 1638400
8319 1638400
8320 1638400
8321 1638400
8322 1638400
8323 1638400
8324 1638400
8325 1638400
8326 186
8328 8
8331 -1
8332 -1
8333 -1
8334 -1
8335 -1
8337 1951
8338 134217598
8339 -1
8340 1286
8345 18219008
8349 2359296
8351 -1073741824
8352 8388608
8353 132121088
8355 63548
8372 -2139103032
8373 1140311160
8376 524292
8377 8
8382 12124266
8385 7798784
8386 37945702
8388 65536
8395 3
8398 1027407872
8442 8
8443 8192
8463 -1
8464 -1
8465 -1
8466 -1
8467 -1
8468 -1
8469 -1
8470 -1
8471 -1
8472 -1
8473 -1
8474 -1
8475 -1
8476 -1
8477 -1
8478 -1
8479 -1
8480 -1
8481 -1
8482 -1
8523 1602224128
8525 258048
8526 11534336
8531 -1
8533 -134217468
8534 6989816
8549 262144
8550 16777216
8551 -1
8561 5
8564 1
8568 -21954882
8569 -166461790
8570 -21954882
8571 -166461790
8573 -1
8579 8769
8589 150000
8590 30000
8591 150000
8592 150000
8593 150000
8594 150000
8595 141407963
8596 1441814
8597 5376
8598 87025
8601 34251
8603 154
8604 -2147483648
8605 942440484
8607 23
8608 11
8612 262400
8628 -1
8629 -1
8630 -1
8631 -1
8638 217
8644 15
8650 8195
8651 12338
8654 1075838981
8655 65536
8656 117534720
8661 -67108899
8671 560
8673 1920
8677 1
8692 134217728
8693 1655701519
8698 3
8699 34
8729 2
8736 17
8745 -1
8746 -1
8748 -1
8749 -1
8750 -1
8751 -1
8752 -1
8756 -33554432
8757 34644
8759 2228304
8760 2228464
8761 2228368
8762 2228288
8763 2228256
8764 2228336
8765 2228432
8766 2228416
8767 2228272
8768 2228448
8769 2228384
8770 2229904
8771 2228320
8772 524544
8773 2228304
8774 2228368
8775 2228432
8776 2228336
8777 2228448
8778 524944
8779 2228256
8780 2228288
8781 2228416
8782 2228400
8783 2228384
8784 2228272
8785 2228320
8786 524544
8787 1310730
8788 1310730
8789 1310730
8790 1310730
8791 1310730
8792 1310730
8793 1310730
8794 1310730
8795 1310730
8796 1310730
8797 1310730
8798 1310730
8799 1310730
8800 1310730
8801 -1
8802 -1
8803 -1
8804 -1
8805 -1
8806 -1
8807 -1
8808 -1
8809 -1
8810 -1
8811 -1
8812 -1
8813 -1
8814 -1
8815 -1
8816 -1
8817 -1
8818 -1
8819 -1
8820 -1
8821 -1
8822 -1
8823 -1
8824 -1
8825 -1
8826 -1
8827 -1
8828 -1
8829 40303
8830 40303
8831 40303
8832 40303
8833 40303
8834 40303
8835 40303
8836 40303
8837 40303
8838 40303
8839 40303
8840 40303
8841 40303
8842 40303
8844 5
8849 557850223
8852 489430221
8854 1
8871 393216
8872 11
8874 65536
8877 1
8881 4
8907 131072
8909 13
8914 25
8922 327680
8923 458760
8924 12
8925 13959253
8926 794
8927 76743701
8947 65536
8955 39
8957 902779
8958 50
8959 520165387
8960 353247261
8961 6930
8963 78369
8964 606871040
8965 13608
8988 1507487
8989 3014669
8990 14
8996 1048580
9000 512
9005 -1
9015 3152897
9018 4018
9019 4032469
9025 117
9027 5
9031 1290
9033 10
9034 10
9035 1162
9037 1048772608
9039 29541206
9040 1879048192
9041 20
9042 15360
9043 14899200
9044 153080919
9045 816915454
9046 33555341
9047 66307
9048 42199082
9049 9740480
9050 5309187
9055 536870912
9058 4194304
9059 511705088
9060 34817
9061 377020
9062 8
9063 -1
9064 -1
9065 36
9068 150176
9069 50
9070 204
9071 -1
9072 38
9075 40
9076 50
9077 255
9078 14
9080 917504
9084 19
9088 524704
9091 -1
9092 -1
9093 -1
9094 -1
9095 -1
9096 -1
9097 -1
9098 -1
9099 -1
9100 -1
9111 33792
9114 201326592
9117 -1
9118 -1
9119 -1
9120 -1
9121 -1
9122 -1
9123 -1
9124 -1
9125 -1
9126 -1
9127 -1
9128 -1
9133 4237319
9137 -1
9140 -1
9143 -1
9146 -1
9149 -1
9153 1153378341
9154 127569
9160 86
9168 6301696
9178 -1
9179 -1
9180 -1
9181 -1
9182 -1
9183 -1
9184 -1
9185 -1
9186 -1
9187 -1
9188 -1
9189 -1
9190 -1
9191 32
9199 2113752
9200 -1
9201 134217728
9202 1015808
9205 -1
9206 -536805441
9207 66914303
9212 -1
9215 -1
9216 -1
9219 858940668
9220 16795955
9221 3
9222 229376
9223 12288
9224 60
9225 960
9226 960
9227 3840
9228 7680
9229 -1073741056
9230 3
9231 238813184
9232 400447
9233 5
9235 -1964725020
9236 152966640
9237 155
9238 65681
9239 262081
9240 9437329
9241 9437184
9242 1431651584
9243 357909765
9244 357893441
9245 1364280657
9246 89462101
9278 1069000
9279 1
9280 5121
9284 -1
9288 -1
9294 -1
9295 4
9297 -282017730
9298 1778090481
9299 -1607450574
9300 685998560
9302 -67528809
9303 3670
9308 256
9311 -920632198
9312 -920632198
9313 2032926
9314 1967626
9316 5243904
9317 4200448
9318 5246980
9319 3145733
9320 3148803
9321 5245958
9322 44351
9323 81794075
9324 4100
9325 624843
9326 2099202
9327 3151874
9328 3151874
9329 3147778
9330 3147779
9331 3149827
9332 2099203
9333 5244931
9334 2
9336 6291456
9337 2097152
9338 3152900
9339 3075
9340 3145728
9341 3151874
9342 4197384
9343 3075
9344 2050
9345 2099200
9346 2
9348 2051
9349 3
9350 3146753
9351 2051
9352 1052674
9354 2097155
9355 4194304
9356 2099200
9357 1055
9358 4195346
9359 4100
9360 5242880
9362 49331217
9363 17408
9364 30409728
9365 17825810
9366 55611397
9367 21971967
9369 65857
9375 15728675
9376 1046478864
9379 -2147418114
9380 1207959552
9383 -1776812174
9384 1048403
9385 16926
9388 6417771
9389 -178956930
9390 670641835
9391 5746
9399 7
9400 7977
9401 665
9402 1065
9403 981
9420 7168
9434 1048579
9436 -1
9438 -1
9440 -1
9442 102261127
9445 8771
9448 2
9449 144
9451 131073
9454 3
9460 -1
9461 65536
9462 16
9465 -1
9471 -813825548
9472 -1610483032
9474 490733568
9501 -1
9513 92
9526 51659008
9528 -1
9535 29066
9537 3616
9543 571998228
9550 131072
9552 16777216
9553 30822
9561 8
9564 67108860
9565 7680
9571 36736063
9572 43008
9573 1025
9574 38964
9575 1088575
9576 40
9577 1048576
9579 484770689
9580 11
9586 32768
9590 -1
9594 -1
9596 -1
9607 -1
9608 -1
9609 -1
9610 656
9612 1838
9613 4003
9614 4010
9615 4009
9616 -1
9617 -1
9618 -1
9619 -1
9622 -1
9623 -1
9624 -1
9625 -1
9626 -1
9628 -1
9629 -1
9630 -1
9631 -1
9663 1
9664 100
9679 452984328
9681 -605159455
9684 -1
9685 -1
9686 -1
9687 -1
9688 -1
9689 -1
9690 -1
9691 -1
9692 -1
9693 -1
9694 -1
9695 -1
9696 -1
9697 -1
9715 -1
9717 31
9718 -2147483648
9726 1367
9727 -1
9728 -1
9729 -1
9730 -1
9731 -1
9732 -1
9733 -1
9741 -134217728
9743 96
9749 -1
9750 -1
9751 -1
9752 -1
9753 -1
9754 -1
9755 -1
9756 -1
9757 2147286106
9759 -1
9761 -1
9766 -1998069260
9767 -235195631
9768 62
9770 2
9773 -1
9774 -1
9775 868
9780 114688
9787 32
9792 8913288
9793 -1
9794 1704467647
9796 7079
9799 18432
9800 1
9801 1073741823
9802 1073741823
9803 1073741823
9804 1073741823
9805 1073741823
9806 1073741823
9807 1073741823
9808 1073741823
9809 1073741823
9810 1073741823
9811 1073741823
9812 1073741823
9813 1073741823
9814 1073741823
9815 1073741823
9816 1073741823
9817 1073741823
9818 1073741823
9819 1073741823
9820 1073741823
9821 1073741823
9822 1073741823
9823 1073741823
9824 1073741823
9825 1073741823
9826 1073741823
9827 1073741823
9828 1073741823
9829 1073741823
9830 1073741823
9831 1073741823
9832 1073741823
9833 1073741823
9834 1073741823
9835 1073741823
9848 4456448
9849 31064064
9853 -1
9862 113844
9864 -1
9866 8771
9871 -2012479488
9872 536346624
9874 -1
9875 -1
9876 -1
9877 -1
9881 -1
9894 -1
9901 11149312
9903 12766501
9905 -2490411
9906 -4325377
9907 -357914063
9917 3
9925 29171080
9932 1
10058 1302016
10062 524320
10063 -48281648
10064 16360
10068 1
10074 261
10076 196345856
10077 41
10079 6520832
10084 1049601
10085 2099202
10086 1049602
10087 1049601
10088 1049601
10089 1025
10090 52841637
10091 91236
10096 3
10097 3
10098 3
10099 3
10100 2228304
10101 2228464
10102 2228368
10103 2228432
10104 2228288
10106 2228256
10107 2228336
10108 2228272
10110 2228416
10112 2228448
10113 524544
10114 1310730
10128 -1
10129 -1
10130 -1
10131 -1
10132 -1
10133 -1
10134 -1
10135 -1
10136 -1
10137 -1
10138 -1
10139 -1
10140 -1
10141 -1
10142 4151
10143 -1
10144 -1
10145 -1
10146 -1
10147 -1
10148 -1
10149 -1
10150 -1
10151 -1
10152 -1
10153 -1
10154 -1
10155 -1
10156 52698141
10157 252709378
10158 808004119
10159 1296911693
10160 67110945
10161 1
10162 268435456
10171 369623040
10173 1090519051
10174 4096
10175 49152
10181 -1
10183 428032
10184 1
10186 16777216
10188 21561373
10191 2162689
10192 2
10193 1
10217 100794625
10218 16844289
10219 33621762
10220 393474
10226 151388544
10229 -1
10238 721425024
10241 51130563
10242 195
10243 2
10244 138240
10246 22
10260 -1
10264 -1
10265 47185920
10271 489857025
10276 2102272
10278 -1431699456
10279 -1431656278
10280 -1431655774
10281 354986
10287 32
10294 8865
10297 1253
10298 11272256
10301 786432
10303 19173961
10306 134217728
10312 31719424
10316 51825574
10318 -1
10319 -1
10321 -1804992512
10322 37925577
10323 -1
10325 4
10327 12581
10328 16
10330 544863387
10331 1912490847
10332 17831839
10333 268437456
10334 -2139995258
10339 -1
10340 -1
10341 -1
10342 -1
10343 28365556
10344 28364931
10347 3890
10348 57423
10349 27679
10351 884736
10352 27648
10353 864
10354 905969691
10355 28311552
10356 884736
10357 448
10382 40960063
10387 5242884
10388 3
10390 67108872
10395 -557069253
10396 1
10398 -131072
10399 16785919
10405 3173
10406 -1
10408 4616
10411 -1891644764
10412 -2147483648
10414 75000
10415 2017452030
10416 62914641
10417 369098751
10418 41
10423 1536
10424 25886720
10431 51249194
10437 12648511
10438 -16912800
10439 10617124
10441 170
10444 -2146959360
10445 2014314534
10446 1
10447 -1073709055
10448 420
10455 65536
10473 -1
10476 -1
10478 4096
10479 41
10527 65536
10529 134217728
10546 -1
10547 -1
10560 16849152
10563 62
10572 74
10577 3604480
10581 -1
10583 -1667726742
10584 -1
10587 3
10588 -1
10591 1
10592 -1
10595 1
10596 -1
10600 58982403
10601 43146964
10603 16777678
10604 33671187
10605 -2025848814
10606 -1
10609 144
10618 2268
10620 -2097545
10621 1
10622 13631484
10639 -1943011328
10640 492559
10641 1796
10647 29561311
10669 1835008
10671 1687552
10672 228144768
10673 220200960
10674 14443
10679 -21954882
10680 -166461790
10681 -21954882
10682 -166461790
10683 -21954882
10684 -166461790
10691 2596
10706 72
10709 8733048
10714 192
10715 145310
10718 -536936448
10720 998474115
10721 1073743872
10722 1053984
10723 2048
10724 4320
10726 1048576000
10727 148
10729 -1
10730 536870912
10731 805328866
10732 5267456
10733 -1
10739 16383
10742 33554433
10752 8713
10753 9380361
10754 321257472
10755 308595091
10756 19
10761 1431777811
10762 -1465329835
10767 113802
10771 -1
10772 1345
10773 8
10774 -1
10778 7
10779 -536870912
10780 33
10784 28784543
10786 150994948
10788 -1
10789 -1
10790 536674243
10791 50176
10792 -1
10793 -1
10794 -1
10797 6
10815 536870911
10816 298
10818 782936696
10823 -1
10824 -1
10825 -1
10826 -1
10827 -1
10828 -1
10829 -1
10830 -1
10850 -1
10897 37048115
10898 80
10904 131072
10905 1
10906 160628736
10907 66316
10908 -1
10910 256
10911 1568100
10912 18432
10913 -2078127116
10914 85
10918 -1
10927 -1
10929 8390688
10946 -1
10954 -1
10962 20
10965 38
10967 537133060
10969 291
10971 828
10973 8232
10976 -1
10981 94
10982 245318
10983 299551
10987 -1
10988 -1
10989 -1
10990 -1
10992 -1
10993 -1
11004 -1
11005 -1
11016 -1
11017 -1
11059 -1
11065 -1
11087 1539
11088 3
11089 1310761
11091 -1
11096 -536863620
11097 116167939
11098 -1498447357
11099 131071
11101 6291463
11102 -268414993
11103 255
11106 -16
11107 -8474625
11108 -1
11109 452984831
11111 1024
11112 2
11113 2127
11124 5620130
11125 311547
11126 1409024
11127 1376292
11128 1245329
11129 458821
11130 -1
11131 -1
11132 -1
11133 -1
11134 -1
11135 -1
11136 -1
11137 -1
11138 -1
11139 -1
11140 -1
11141 -1
11142 -1
11143 -1
11144 -1
11145 -1
11146 -1
11147 -1
11148 -1
11149 -1
11150 -1
11151 -1
11152 -1
11153 -1
11154 -1
11155 -1
11156 -1
11157 -1
11158 -1
11159 -1
11160 -1
11161 -1
11162 -1
11163 -1
11164 -1
11165 -1
11166 -1
11167 -1
11168 -1
11169 -1
11170 -1
11171 -1
11172 -1
11173 -1
11174 -1
11175 -1
11176 -1
11177 -1
11178 -1
11179 -1
11180 -1
11189 638330426
11190 202122790
11191 640032286
11192 976894522
11193 976894522
11194 117717562
11195 117703684
11196 67569415
11197 16843012
11198 100794626
11199 268764677
11200 991690741
11210 344066048
11211 339207
11212 -2147483648
11214 -1
11233 2229936
11234 2228480
11235 2228352
11236 524544
11237 786464
11238 655408
11239 131184
11240 131088
11241 917744
11242 917728
11243 917712
11244 918960
11245 393232
11246 393248
11247 2228400
11248 1310730
11249 393392
11250 393296
11251 789712
11252 393360
11253 393328
11254 393344
11255 393408
11256 393376
11257 393440
11258 393264
11260 393280
11261 -1
11262 -1
11263 -1
11264 -1
11265 -1
11266 -1
11267 -1
11268 -1
11269 -1
11270 -1
11271 -1
11272 -1
11273 -1
11274 -1
11275 -1
11276 -1
11277 -1
11278 -1
11279 -1
11280 -1
11281 -1
11282 -1
11283 -1
11284 -1
11285 -1
11286 -1
11287 -1
11288 -1
11289 -1
11290 19965
11291 -1
11292 -1
11293 -1
11294 -1
11295 -1
11296 -1
11297 -1
11298 -1
11299 -1
11300 -1
11301 -1
11302 -1
11314 13878
11319 218
11320 -153092097
11321 201326602
11325 393216
11326 375
11327 -65536
11329 -1
11330 61
11331 6
11332 250
11333 7859
11335 27
11336 7859
11339 -1
11340 -1
11355 -1
11359 7950
11361 8191
11407 -1
11408 -1
11409 -1
11410 -1
11411 -1
11412 -1
11413 -1
11414 -1
11415 -1
11416 -1
11417 -1
11418 -1
11419 -1
11420 -1
11421 -1
11422 -1
11423 -1
11424 -1
11425 -1
11426 -1
11427 -1
11428 -1
11429 -1
11430 -1
11431 -1
11432 -1
11433 -1
11434 -1
11435 -1
11436 -1
11437 -1
11445 263710
11446 5475
11447 16550
11448 -2
11449 -1
11450 -1
11451 33554431
11452 137
11453 -1
11454 -268435393
11455 -1
11456 -201326329
11457 -1
11458 2047
11460 23
11461 475166
11462 9437188
11463 1
11464 196616
11468 1
11469 1
11471 -1073774551
11475 1034802
11482 26
11499 1
11500 2
11501 3
11502 4
11505 1082294272
11531 15
11533 96
11538 1039122226
11539 990
11552 402597
11553 -1
11556 268643463
11557 50
11562 32850
11563 -59638661
11564 52626217
11565 -59153761
11566 61211558
11567 1654652025
11568 61211558
11569 8134500
11570 2097183
11571 1090781184
11572 631511920
11573 36937
11579 15
11580 -1879883841
11581 1
11587 44
11588 48
11589 15532032
11598 -1
11601 32776
11603 3140146
11604 68506965
11605 65668
11606 1362020
11607 1313285
11608 1
11611 -1
11615 -1
11616 -1
11617 -1
11618 -1
11621 -1
11622 -1
11626 -1
11628 -1
11629 -1
11646 6323458
11647 32768
11648 131108
11651 25165824
11654 2948914
11660 1
11661 -1
11664 1
11665 -1
11668 1
11669 -1
11673 303173905
11674 36967201
11678 985661889
11680 26
11682 33686038
11683 370546186
11684 973210122
11685 976894522
11686 976894522
11687 570
11688 117572096
11689 1799
11690 50528770
11691 117901063
11692 1542
11694 133120
11698 -1073709056
11699 102
11700 -1
11704 8540
11706 7913
11708 8215
11714 1253
11715 199
11718 1073760272
11719 157680993
11721 4
11724 65792
11728 9569
11729 4
11731 -1
11755 -1
11756 -1
11757 -1
11762 8776
11763 36
11766 49152
11769 29360128
11772 50331904
11773 3905
11779 23527424
11780 36831232
11781 23134208
11785 31
11786 31
11787 31
11790 131089
11792 -1
11793 778271
11794 602167
11795 1097925
11796 155774
11797 24719
11798 1638400
11799 1638400
11800 1638400
11801 1638400
11802 1638400
11803 1638400
11804 1638400
11805 1638400
11806 1638400
11807 1638400
11808 830472192
11813 26144
11815 -1
11818 -1
11819 -1
11831 8193
11845 134414848
11846 -1712175559
11853 970
11854 -1
11859 65537
11860 67376275
11863 8265
11864 -1277092968
11865 235162951
11866 163595200
11867 32768
11871 1612971972
11872 110
11874 10243
11876 -1
11878 -1
11880 -1
11883 -1
11884 -1
11885 -1
11886 -1
11887 -1
11888 -1
11889 -1
11890 -1
11899 -1
11901 -1
11902 -1
11905 69199872
11906 -1
11907 -1
11908 -1
11909 -1
11944 -1
11967 -1
11968 134742017
11973 8720
11975 8321
11976 502792192
11978 -1
11979 -1
11980 -1
11983 12
11986 -1
11987 -1
11988 3932160
11995 264
12018 8340
12031 -1
12032 -1
12033 -1
12051 -1
12054 -1
12057 10039904
12058 313747
12061 320012288
12062 48
12063 -1
12064 -1
12065 -1
12066 -1
12067 -1
12068 -1
12069 -1
12070 -1
12120 111
12121 1
12125 2236416
12128 1005568000
12136 36864
12142 11
12165 -1
12168 3
12171 -1
12175 1048576
12181 -1
12182 -134479876
12207 -1
12212 3
12214 166
12216 196502284
12217 268435456
12220 -1
12221 -1
12243 -1
12246 -1
12258 -1
12313 -1
12316 3
12318 8192
12347 -1
12395 8
12433 -1
12436 1024
12440 -1
12462 -1
12463 521
12496 -1
12497 -1
12498 -1
12500 -1
12501 -1
12502 -1
12503 -1
12504 -1
12505 -1
12506 -1
12507 -1
12508 -1
12509 -1
12510 -1
12511 -1
12512 -1
12513 -1
12514 -1
12515 -1
12516 -1
12525 176
12526 16384
12577 1
12587 -1
12593 -1
12594 -1
12595 -1
12596 -1
12597 -1
12598 -1
12599 -1
12601 -1
12602 -1
12605 -1
12606 -1
12609 512
12610 224694
12612 -1
12622 -1
12623 -1
12624 -1
12626 -1
12664 32767
12675 -1
